-1.5 0.0221047
-1.4697 0.0305592
-1.43939 0.0411398
-1.40909 0.0540962
-1.37879 0.0696274
-1.34848 0.0878543
-1.31818 0.10879
-1.28788 0.132309
-1.25758 0.158124
-1.22727 0.185754
-1.19697 0.21452
-1.16667 0.243531
-1.13636 0.271693
-1.10606 0.297731
-1.07576 0.320225
-1.04545 0.337659
-1.01515 0.348484
-0.984848 0.351196
-0.954545 0.344414
-0.924242 0.326969
-0.893939 0.297984
-0.863636 0.256954
-0.833333 0.203804
-0.80303 0.138938
-0.772727 0.0632677
-0.742424 -0.0217921
-0.712121 -0.11434
-0.681818 -0.21204
-0.651515 -0.312188
-0.621212 -0.411805
-0.590909 -0.507742
-0.560606 -0.5968
-0.530303 -0.675849
-0.5 -0.741954
-0.469697 -0.79249
-0.439394 -0.825251
-0.409091 -0.838535
-0.378788 -0.83122
-0.348485 -0.802812
-0.318182 -0.753468
-0.287879 -0.683999
-0.257576 -0.59585
-0.227273 -0.491051
-0.19697 -0.372159
-0.166667 -0.242174
-0.136364 -0.104446
-0.106061 0.0374295
-0.0757576 0.179721
-0.0454545 0.318673
-0.0151515 0.450617
0.0151515 0.572079
0.0454545 0.679878
0.0757576 0.77122
0.106061 0.843772
0.136364 0.895731
0.166667 0.925875
0.19697 0.933598
0.227273 0.918927
0.257576 0.882529
0.287879 0.825692
0.318182 0.750288
0.348485 0.658725
0.378788 0.553872
0.409091 0.438969
0.439394 0.317526
0.469697 0.193198
0.5 0.069664
0.530303 -0.0495116
0.560606 -0.161007
0.590909 -0.261867
0.621212 -0.349615
0.651515 -0.422336
0.681818 -0.478747
0.712121 -0.518222
0.742424 -0.540794
0.772727 -0.547124
0.80303 -0.538436
0.833333 -0.516428
0.863636 -0.483163
0.893939 -0.440951
0.924242 -0.392217
0.954545 -0.339386
0.984848 -0.284767
1.01515 -0.23046
1.04545 -0.178282
1.07576 -0.129715
1.10606 -0.0858848
1.13636 -0.0475509
1.16667 -0.0151275
1.19697 0.0112847
1.22727 0.0318535
1.25758 0.0469618
1.28788 0.0571521
1.31818 0.0630711
1.34848 0.0654187
1.37879 0.0649036
1.40909 0.0622065
1.43939 0.0579527
1.4697 0.0526927
1.5 0.0468917
