# t	fit_ln(y)
0	4.95866
0.01	4.95696
0.02	4.95525
0.03	4.95355
0.04	4.95184
0.05	4.95013
0.06	4.94843
0.07	4.94672
0.08	4.94501
0.09	4.94331
0.1	4.9416
0.11	4.9399
0.12	4.93819
0.13	4.93648
0.14	4.93478
0.15	4.93307
0.16	4.93137
0.17	4.92966
0.18	4.92795
0.19	4.92625
0.2	4.92454
0.21	4.92283
0.22	4.92113
0.23	4.91942
0.24	4.91772
0.25	4.91601
0.26	4.9143
0.27	4.9126
0.28	4.91089
0.29	4.90918
0.3	4.90748
0.31	4.90577
0.32	4.90407
0.33	4.90236
0.34	4.90065
0.35	4.89895
0.36	4.89724
0.37	4.89553
0.38	4.89383
0.39	4.89212
0.4	4.89042
0.41	4.88871
0.42	4.887
0.43	4.8853
0.44	4.88359
0.45	4.88188
0.46	4.88018
0.47	4.87847
0.48	4.87677
0.49	4.87506
0.5	4.87335
0.51	4.87165
0.52	4.86994
0.53	4.86823
0.54	4.86653
0.55	4.86482
0.56	4.86312
0.57	4.86141
0.58	4.8597
0.59	4.858
0.6	4.85629
0.61	4.85458
0.62	4.85288
0.63	4.85117
0.64	4.84947
0.65	4.84776
0.66	4.84605
0.67	4.84435
0.68	4.84264
0.69	4.84093
0.7	4.83923
0.71	4.83752
0.72	4.83582
0.73	4.83411
0.74	4.8324
0.75	4.8307
0.76	4.82899
0.77	4.82728
0.78	4.82558
0.79	4.82387
0.8	4.82217
0.81	4.82046
0.82	4.81875
0.83	4.81705
0.84	4.81534
0.85	4.81363
0.86	4.81193
0.87	4.81022
0.88	4.80852
0.89	4.80681
0.9	4.8051
0.91	4.8034
0.92	4.80169
0.93	4.79998
0.94	4.79828
0.95	4.79657
0.96	4.79487
0.97	4.79316
0.98	4.79145
0.99	4.78975
1	4.78804
1.01	4.78633
1.02	4.78463
1.03	4.78292
1.04	4.78122
1.05	4.77951
1.06	4.7778
1.07	4.7761
1.08	4.77439
1.09	4.77268
1.1	4.77098
1.11	4.76927
1.12	4.76757
1.13	4.76586
1.14	4.76415
1.15	4.76245
1.16	4.76074
1.17	4.75903
1.18	4.75733
1.19	4.75562
1.2	4.75392
1.21	4.75221
1.22	4.7505
1.23	4.7488
1.24	4.74709
1.25	4.74538
1.26	4.74368
1.27	4.74197
1.28	4.74027
1.29	4.73856
1.3	4.73685
1.31	4.73515
1.32	4.73344
1.33	4.73173
1.34	4.73003
1.35	4.72832
1.36	4.72662
1.37	4.72491
1.38	4.7232
1.39	4.7215
1.4	4.71979
1.41	4.71808
1.42	4.71638
1.43	4.71467
1.44	4.71297
1.45	4.71126
1.46	4.70955
1.47	4.70785
1.48	4.70614
1.49	4.70444
1.5	4.70273
1.51	4.70102
1.52	4.69932
1.53	4.69761
1.54	4.6959
1.55	4.6942
1.56	4.69249
1.57	4.69079
1.58	4.68908
1.59	4.68737
1.6	4.68567
1.61	4.68396
1.62	4.68225
1.63	4.68055
1.64	4.67884
1.65	4.67714
1.66	4.67543
1.67	4.67372
1.68	4.67202
1.69	4.67031
1.7	4.6686
1.71	4.6669
1.72	4.66519
1.73	4.66349
1.74	4.66178
1.75	4.66007
1.76	4.65837
1.77	4.65666
1.78	4.65495
1.79	4.65325
1.8	4.65154
1.81	4.64984
1.82	4.64813
1.83	4.64642
1.84	4.64472
1.85	4.64301
1.86	4.6413
1.87	4.6396
1.88	4.63789
1.89	4.63619
1.9	4.63448
1.91	4.63277
1.92	4.63107
1.93	4.62936
1.94	4.62765
1.95	4.62595
1.96	4.62424
1.97	4.62254
1.98	4.62083
1.99	4.61912
2	4.61742
2.01	4.61571
2.02	4.614
2.03	4.6123
2.04	4.61059
2.05	4.60889
2.06	4.60718
2.07	4.60547
2.08	4.60377
2.09	4.60206
2.1	4.60035
2.11	4.59865
2.12	4.59694
2.13	4.59524
2.14	4.59353
2.15	4.59182
2.16	4.59012
2.17	4.58841
2.18	4.5867
2.19	4.585
2.2	4.58329
2.21	4.58159
2.22	4.57988
2.23	4.57817
2.24	4.57647
2.25	4.57476
2.26	4.57305
2.27	4.57135
2.28	4.56964
2.29	4.56794
2.3	4.56623
2.31	4.56452
2.32	4.56282
2.33	4.56111
2.34	4.5594
2.35	4.5577
2.36	4.55599
2.37	4.55429
2.38	4.55258
2.39	4.55087
2.4	4.54917
2.41	4.54746
2.42	4.54575
2.43	4.54405
2.44	4.54234
2.45	4.54064
2.46	4.53893
2.47	4.53722
2.48	4.53552
2.49	4.53381
2.5	4.5321
2.51	4.5304
2.52	4.52869
2.53	4.52699
2.54	4.52528
2.55	4.52357
2.56	4.52187
2.57	4.52016
2.58	4.51845
2.59	4.51675
2.6	4.51504
2.61	4.51334
2.62	4.51163
2.63	4.50992
2.64	4.50822
2.65	4.50651
2.66	4.5048
2.67	4.5031
2.68	4.50139
2.69	4.49969
2.7	4.49798
2.71	4.49627
2.72	4.49457
2.73	4.49286
2.74	4.49115
2.75	4.48945
2.76	4.48774
2.77	4.48604
2.78	4.48433
2.79	4.48262
2.8	4.48092
2.81	4.47921
2.82	4.47751
2.83	4.4758
2.84	4.47409
2.85	4.47239
2.86	4.47068
2.87	4.46897
2.88	4.46727
2.89	4.46556
2.9	4.46386
2.91	4.46215
2.92	4.46044
2.93	4.45874
2.94	4.45703
2.95	4.45532
2.96	4.45362
2.97	4.45191
2.98	4.45021
2.99	4.4485
3	4.44679
3.01	4.44509
3.02	4.44338
3.03	4.44167
3.04	4.43997
3.05	4.43826
3.06	4.43656
3.07	4.43485
3.08	4.43314
3.09	4.43144
3.1	4.42973
3.11	4.42802
3.12	4.42632
3.13	4.42461
3.14	4.42291
3.15	4.4212
3.16	4.41949
3.17	4.41779
3.18	4.41608
3.19	4.41437
3.2	4.41267
3.21	4.41096
3.22	4.40926
3.23	4.40755
3.24	4.40584
3.25	4.40414
3.26	4.40243
3.27	4.40072
3.28	4.39902
3.29	4.39731
3.3	4.39561
3.31	4.3939
3.32	4.39219
3.33	4.39049
3.34	4.38878
3.35	4.38707
3.36	4.38537
3.37	4.38366
3.38	4.38196
3.39	4.38025
3.4	4.37854
3.41	4.37684
3.42	4.37513
3.43	4.37342
3.44	4.37172
3.45	4.37001
3.46	4.36831
3.47	4.3666
3.48	4.36489
3.49	4.36319
3.5	4.36148
3.51	4.35977
3.52	4.35807
3.53	4.35636
3.54	4.35466
3.55	4.35295
3.56	4.35124
3.57	4.34954
3.58	4.34783
3.59	4.34612
3.6	4.34442
3.61	4.34271
3.62	4.34101
3.63	4.3393
3.64	4.33759
3.65	4.33589
3.66	4.33418
3.67	4.33247
3.68	4.33077
3.69	4.32906
3.7	4.32736
3.71	4.32565
3.72	4.32394
3.73	4.32224
3.74	4.32053
3.75	4.31882
3.76	4.31712
3.77	4.31541
3.78	4.31371
3.79	4.312
3.8	4.31029
3.81	4.30859
3.82	4.30688
3.83	4.30517
3.84	4.30347
3.85	4.30176
3.86	4.30006
3.87	4.29835
3.88	4.29664
3.89	4.29494
3.9	4.29323
3.91	4.29152
3.92	4.28982
3.93	4.28811
3.94	4.28641
3.95	4.2847
3.96	4.28299
3.97	4.28129
3.98	4.27958
3.99	4.27787
4	4.27617
4.01	4.27446
4.02	4.27276
4.03	4.27105
4.04	4.26934
4.05	4.26764
4.06	4.26593
4.07	4.26422
4.08	4.26252
4.09	4.26081
4.1	4.25911
4.11	4.2574
4.12	4.25569
4.13	4.25399
4.14	4.25228
4.15	4.25058
4.16	4.24887
4.17	4.24716
4.18	4.24546
4.19	4.24375
4.2	4.24204
4.21	4.24034
4.22	4.23863
4.23	4.23693
4.24	4.23522
4.25	4.23351
4.26	4.23181
4.27	4.2301
4.28	4.22839
4.29	4.22669
4.3	4.22498
4.31	4.22328
4.32	4.22157
4.33	4.21986
4.34	4.21816
4.35	4.21645
4.36	4.21474
4.37	4.21304
4.38	4.21133
4.39	4.20963
4.4	4.20792
4.41	4.20621
4.42	4.20451
4.43	4.2028
4.44	4.20109
4.45	4.19939
4.46	4.19768
4.47	4.19598
4.48	4.19427
4.49	4.19256
4.5	4.19086
4.51	4.18915
4.52	4.18744
4.53	4.18574
4.54	4.18403
4.55	4.18233
4.56	4.18062
4.57	4.17891
4.58	4.17721
4.59	4.1755
4.6	4.17379
4.61	4.17209
4.62	4.17038
4.63	4.16868
4.64	4.16697
4.65	4.16526
4.66	4.16356
4.67	4.16185
4.68	4.16014
4.69	4.15844
4.7	4.15673
4.71	4.15503
4.72	4.15332
4.73	4.15161
4.74	4.14991
4.75	4.1482
4.76	4.14649
4.77	4.14479
4.78	4.14308
4.79	4.14138
4.8	4.13967
4.81	4.13796
4.82	4.13626
4.83	4.13455
4.84	4.13284
4.85	4.13114
4.86	4.12943
4.87	4.12773
4.88	4.12602
4.89	4.12431
4.9	4.12261
4.91	4.1209
4.92	4.11919
4.93	4.11749
4.94	4.11578
4.95	4.11408
4.96	4.11237
4.97	4.11066
4.98	4.10896
4.99	4.10725
5	4.10554
5.01	4.10384
5.02	4.10213
5.03	4.10043
5.04	4.09872
5.05	4.09701
5.06	4.09531
5.07	4.0936
5.08	4.09189
5.09	4.09019
5.1	4.08848
5.11	4.08678
5.12	4.08507
5.13	4.08336
5.14	4.08166
5.15	4.07995
5.16	4.07824
5.17	4.07654
5.18	4.07483
5.19	4.07313
5.2	4.07142
5.21	4.06971
5.22	4.06801
5.23	4.0663
5.24	4.06459
5.25	4.06289
5.26	4.06118
5.27	4.05948
5.28	4.05777
5.29	4.05606
5.3	4.05436
5.31	4.05265
5.32	4.05094
5.33	4.04924
5.34	4.04753
5.35	4.04583
5.36	4.04412
5.37	4.04241
5.38	4.04071
5.39	4.039
5.4	4.03729
5.41	4.03559
5.42	4.03388
5.43	4.03218
5.44	4.03047
5.45	4.02876
5.46	4.02706
5.47	4.02535
5.48	4.02365
5.49	4.02194
5.5	4.02023
5.51	4.01853
5.52	4.01682
5.53	4.01511
5.54	4.01341
5.55	4.0117
5.56	4.01
5.57	4.00829
5.58	4.00658
5.59	4.00488
5.6	4.00317
5.61	4.00146
5.62	3.99976
5.63	3.99805
5.64	3.99635
5.65	3.99464
5.66	3.99293
5.67	3.99123
5.68	3.98952
5.69	3.98781
5.7	3.98611
5.71	3.9844
5.72	3.9827
5.73	3.98099
5.74	3.97928
5.75	3.97758
5.76	3.97587
5.77	3.97416
5.78	3.97246
5.79	3.97075
5.8	3.96905
5.81	3.96734
5.82	3.96563
5.83	3.96393
5.84	3.96222
5.85	3.96051
5.86	3.95881
5.87	3.9571
5.88	3.9554
5.89	3.95369
5.9	3.95198
5.91	3.95028
5.92	3.94857
5.93	3.94686
5.94	3.94516
5.95	3.94345
5.96	3.94175
5.97	3.94004
5.98	3.93833
5.99	3.93663
6	3.93492
6.01	3.93321
6.02	3.93151
6.03	3.9298
6.04	3.9281
6.05	3.92639
6.06	3.92468
6.07	3.92298
6.08	3.92127
6.09	3.91956
6.1	3.91786
6.11	3.91615
6.12	3.91445
6.13	3.91274
6.14	3.91103
6.15	3.90933
6.16	3.90762
6.17	3.90591
6.18	3.90421
6.19	3.9025
6.2	3.9008
6.21	3.89909
6.22	3.89738
6.23	3.89568
6.24	3.89397
6.25	3.89226
6.26	3.89056
6.27	3.88885
6.28	3.88715
6.29	3.88544
6.3	3.88373
6.31	3.88203
6.32	3.88032
6.33	3.87861
6.34	3.87691
6.35	3.8752
6.36	3.8735
6.37	3.87179
6.38	3.87008
6.39	3.86838
6.4	3.86667
6.41	3.86496
6.42	3.86326
6.43	3.86155
6.44	3.85985
6.45	3.85814
6.46	3.85643
6.47	3.85473
6.48	3.85302
6.49	3.85131
6.5	3.84961
6.51	3.8479
6.52	3.8462
6.53	3.84449
6.54	3.84278
6.55	3.84108
6.56	3.83937
6.57	3.83766
6.58	3.83596
6.59	3.83425
6.6	3.83255
6.61	3.83084
6.62	3.82913
6.63	3.82743
6.64	3.82572
6.65	3.82401
6.66	3.82231
6.67	3.8206
6.68	3.8189
6.69	3.81719
6.7	3.81548
6.71	3.81378
6.72	3.81207
6.73	3.81037
6.74	3.80866
6.75	3.80695
6.76	3.80525
6.77	3.80354
6.78	3.80183
6.79	3.80013
6.8	3.79842
6.81	3.79672
6.82	3.79501
6.83	3.7933
6.84	3.7916
6.85	3.78989
6.86	3.78818
6.87	3.78648
6.88	3.78477
6.89	3.78307
6.9	3.78136
6.91	3.77965
6.92	3.77795
6.93	3.77624
6.94	3.77453
6.95	3.77283
6.96	3.77112
6.97	3.76942
6.98	3.76771
6.99	3.766
7	3.7643
7.01	3.76259
7.02	3.76088
7.03	3.75918
7.04	3.75747
7.05	3.75577
7.06	3.75406
7.07	3.75235
7.08	3.75065
7.09	3.74894
7.1	3.74723
7.11	3.74553
7.12	3.74382
7.13	3.74212
7.14	3.74041
7.15	3.7387
7.16	3.737
7.17	3.73529
7.18	3.73358
7.19	3.73188
7.2	3.73017
7.21	3.72847
7.22	3.72676
7.23	3.72505
7.24	3.72335
7.25	3.72164
7.26	3.71993
7.27	3.71823
7.28	3.71652
7.29	3.71482
7.3	3.71311
7.31	3.7114
7.32	3.7097
7.33	3.70799
7.34	3.70628
7.35	3.70458
7.36	3.70287
7.37	3.70117
7.38	3.69946
7.39	3.69775
7.4	3.69605
7.41	3.69434
7.42	3.69263
7.43	3.69093
7.44	3.68922
7.45	3.68752
7.46	3.68581
7.47	3.6841
7.48	3.6824
7.49	3.68069
7.5	3.67898
7.51	3.67728
7.52	3.67557
7.53	3.67387
7.54	3.67216
7.55	3.67045
7.56	3.66875
7.57	3.66704
7.58	3.66533
7.59	3.66363
7.6	3.66192
7.61	3.66022
7.62	3.65851
7.63	3.6568
7.64	3.6551
7.65	3.65339
7.66	3.65168
7.67	3.64998
7.68	3.64827
7.69	3.64657
7.7	3.64486
7.71	3.64315
7.72	3.64145
7.73	3.63974
7.74	3.63803
7.75	3.63633
7.76	3.63462
7.77	3.63292
7.78	3.63121
7.79	3.6295
7.8	3.6278
7.81	3.62609
7.82	3.62438
7.83	3.62268
7.84	3.62097
7.85	3.61927
7.86	3.61756
7.87	3.61585
7.88	3.61415
7.89	3.61244
7.9	3.61073
7.91	3.60903
7.92	3.60732
7.93	3.60562
7.94	3.60391
7.95	3.6022
7.96	3.6005
7.97	3.59879
7.98	3.59708
7.99	3.59538
8	3.59367
8.01	3.59197
8.02	3.59026
8.03	3.58855
8.04	3.58685
8.05	3.58514
8.06	3.58344
8.07	3.58173
8.08	3.58002
8.09	3.57832
8.1	3.57661
8.11	3.5749
8.12	3.5732
8.13	3.57149
8.14	3.56979
8.15	3.56808
8.16	3.56637
8.17	3.56467
8.18	3.56296
8.19	3.56125
8.2	3.55955
8.21	3.55784
8.22	3.55614
8.23	3.55443
8.24	3.55272
8.25	3.55102
8.26	3.54931
8.27	3.5476
8.28	3.5459
8.29	3.54419
8.3	3.54249
8.31	3.54078
8.32	3.53907
8.33	3.53737
8.34	3.53566
8.35	3.53395
8.36	3.53225
8.37	3.53054
8.38	3.52884
8.39	3.52713
8.4	3.52542
8.41	3.52372
8.42	3.52201
8.43	3.5203
8.44	3.5186
8.45	3.51689
8.46	3.51519
8.47	3.51348
8.48	3.51177
8.49	3.51007
8.5	3.50836
8.51	3.50665
8.52	3.50495
8.53	3.50324
8.54	3.50154
8.55	3.49983
8.56	3.49812
8.57	3.49642
8.58	3.49471
8.59	3.493
8.6	3.4913
8.61	3.48959
8.62	3.48789
8.63	3.48618
8.64	3.48447
8.65	3.48277
8.66	3.48106
8.67	3.47935
8.68	3.47765
8.69	3.47594
8.7	3.47424
8.71	3.47253
8.72	3.47082
8.73	3.46912
8.74	3.46741
8.75	3.4657
8.76	3.464
8.77	3.46229
8.78	3.46059
8.79	3.45888
8.8	3.45717
8.81	3.45547
8.82	3.45376
8.83	3.45205
8.84	3.45035
8.85	3.44864
8.86	3.44694
8.87	3.44523
8.88	3.44352
8.89	3.44182
8.9	3.44011
8.91	3.4384
8.92	3.4367
8.93	3.43499
8.94	3.43329
8.95	3.43158
8.96	3.42987
8.97	3.42817
8.98	3.42646
8.99	3.42475
9	3.42305
9.01	3.42134
9.02	3.41964
9.03	3.41793
9.04	3.41622
9.05	3.41452
9.06	3.41281
9.07	3.4111
9.08	3.4094
9.09	3.40769
9.1	3.40599
9.11	3.40428
9.12	3.40257
9.13	3.40087
9.14	3.39916
9.15	3.39745
9.16	3.39575
9.17	3.39404
9.18	3.39234
9.19	3.39063
9.2	3.38892
9.21	3.38722
9.22	3.38551
9.23	3.3838
9.24	3.3821
9.25	3.38039
9.26	3.37869
9.27	3.37698
9.28	3.37527
9.29	3.37357
9.3	3.37186
9.31	3.37015
9.32	3.36845
9.33	3.36674
9.34	3.36504
9.35	3.36333
9.36	3.36162
9.37	3.35992
9.38	3.35821
9.39	3.35651
9.4	3.3548
9.41	3.35309
9.42	3.35139
9.43	3.34968
9.44	3.34797
9.45	3.34627
9.46	3.34456
9.47	3.34286
9.48	3.34115
9.49	3.33944
9.5	3.33774
9.51	3.33603
9.52	3.33432
9.53	3.33262
9.54	3.33091
9.55	3.32921
9.56	3.3275
9.57	3.32579
9.58	3.32409
9.59	3.32238
9.6	3.32067
9.61	3.31897
9.62	3.31726
9.63	3.31556
9.64	3.31385
9.65	3.31214
9.66	3.31044
9.67	3.30873
9.68	3.30702
9.69	3.30532
9.7	3.30361
9.71	3.30191
9.72	3.3002
9.73	3.29849
9.74	3.29679
9.75	3.29508
9.76	3.29337
9.77	3.29167
9.78	3.28996
9.79	3.28826
9.8	3.28655
9.81	3.28484
9.82	3.28314
9.83	3.28143
9.84	3.27972
9.85	3.27802
9.86	3.27631
9.87	3.27461
9.88	3.2729
9.89	3.27119
9.9	3.26949
9.91	3.26778
9.92	3.26607
9.93	3.26437
9.94	3.26266
9.95	3.26096
9.96	3.25925
9.97	3.25754
9.98	3.25584
9.99	3.25413
10	3.25242
10.01	3.25072
10.02	3.24901
10.03	3.24731
10.04	3.2456
10.05	3.24389
10.06	3.24219
10.07	3.24048
10.08	3.23877
10.09	3.23707
10.1	3.23536
10.11	3.23366
10.12	3.23195
10.13	3.23024
10.14	3.22854
10.15	3.22683
10.16	3.22512
10.17	3.22342
10.18	3.22171
10.19	3.22001
10.2	3.2183
10.21	3.21659
10.22	3.21489
10.23	3.21318
10.24	3.21147
10.25	3.20977
10.26	3.20806
10.27	3.20636
10.28	3.20465
10.29	3.20294
10.3	3.20124
10.31	3.19953
10.32	3.19782
10.33	3.19612
10.34	3.19441
10.35	3.19271
10.36	3.191
10.37	3.18929
10.38	3.18759
10.39	3.18588
10.4	3.18417
10.41	3.18247
10.42	3.18076
10.43	3.17906
10.44	3.17735
10.45	3.17564
10.46	3.17394
10.47	3.17223
10.48	3.17052
10.49	3.16882
10.5	3.16711
10.51	3.16541
10.52	3.1637
10.53	3.16199
10.54	3.16029
10.55	3.15858
10.56	3.15687
10.57	3.15517
10.58	3.15346
10.59	3.15176
10.6	3.15005
10.61	3.14834
10.62	3.14664
10.63	3.14493
10.64	3.14322
10.65	3.14152
10.66	3.13981
10.67	3.13811
10.68	3.1364
10.69	3.13469
10.7	3.13299
10.71	3.13128
10.72	3.12958
10.73	3.12787
10.74	3.12616
10.75	3.12446
10.76	3.12275
10.77	3.12104
10.78	3.11934
10.79	3.11763
10.8	3.11593
10.81	3.11422
10.82	3.11251
10.83	3.11081
10.84	3.1091
10.85	3.10739
10.86	3.10569
10.87	3.10398
10.88	3.10228
10.89	3.10057
10.9	3.09886
10.91	3.09716
10.92	3.09545
10.93	3.09374
10.94	3.09204
10.95	3.09033
10.96	3.08863
10.97	3.08692
10.98	3.08521
10.99	3.08351
11	3.0818
11.01	3.08009
11.02	3.07839
11.03	3.07668
11.04	3.07498
11.05	3.07327
11.06	3.07156
11.07	3.06986
11.08	3.06815
11.09	3.06644
11.1	3.06474
11.11	3.06303
11.12	3.06133
11.13	3.05962
11.14	3.05791
11.15	3.05621
11.16	3.0545
11.17	3.05279
11.18	3.05109
11.19	3.04938
11.2	3.04768
11.21	3.04597
11.22	3.04426
11.23	3.04256
11.24	3.04085
11.25	3.03914
11.26	3.03744
11.27	3.03573
11.28	3.03403
11.29	3.03232
11.3	3.03061
11.31	3.02891
11.32	3.0272
11.33	3.02549
11.34	3.02379
11.35	3.02208
11.36	3.02038
11.37	3.01867
11.38	3.01696
11.39	3.01526
11.4	3.01355
11.41	3.01184
11.42	3.01014
11.43	3.00843
11.44	3.00673
11.45	3.00502
11.46	3.00331
11.47	3.00161
11.48	2.9999
11.49	2.99819
11.5	2.99649
11.51	2.99478
11.52	2.99308
11.53	2.99137
11.54	2.98966
11.55	2.98796
11.56	2.98625
11.57	2.98454
11.58	2.98284
11.59	2.98113
11.6	2.97943
11.61	2.97772
11.62	2.97601
11.63	2.97431
11.64	2.9726
11.65	2.97089
11.66	2.96919
11.67	2.96748
11.68	2.96578
11.69	2.96407
11.7	2.96236
11.71	2.96066
11.72	2.95895
11.73	2.95724
11.74	2.95554
11.75	2.95383
11.76	2.95213
11.77	2.95042
11.78	2.94871
11.79	2.94701
11.8	2.9453
11.81	2.94359
11.82	2.94189
11.83	2.94018
11.84	2.93848
11.85	2.93677
11.86	2.93506
11.87	2.93336
11.88	2.93165
11.89	2.92994
11.9	2.92824
11.91	2.92653
11.92	2.92483
11.93	2.92312
11.94	2.92141
11.95	2.91971
11.96	2.918
11.97	2.91629
11.98	2.91459
11.99	2.91288
12	2.91118
12.01	2.90947
12.02	2.90776
12.03	2.90606
12.04	2.90435
12.05	2.90265
12.06	2.90094
12.07	2.89923
12.08	2.89753
12.09	2.89582
12.1	2.89411
12.11	2.89241
12.12	2.8907
12.13	2.889
12.14	2.88729
12.15	2.88558
12.16	2.88388
12.17	2.88217
12.18	2.88046
12.19	2.87876
12.2	2.87705
12.21	2.87535
12.22	2.87364
12.23	2.87193
12.24	2.87023
12.25	2.86852
12.26	2.86681
12.27	2.86511
12.28	2.8634
12.29	2.8617
12.3	2.85999
12.31	2.85828
12.32	2.85658
12.33	2.85487
12.34	2.85316
12.35	2.85146
12.36	2.84975
12.37	2.84805
12.38	2.84634
12.39	2.84463
12.4	2.84293
12.41	2.84122
12.42	2.83951
12.43	2.83781
12.44	2.8361
12.45	2.8344
12.46	2.83269
12.47	2.83098
12.48	2.82928
12.49	2.82757
12.5	2.82586
12.51	2.82416
12.52	2.82245
12.53	2.82075
12.54	2.81904
12.55	2.81733
12.56	2.81563
12.57	2.81392
12.58	2.81221
12.59	2.81051
12.6	2.8088
12.61	2.8071
12.62	2.80539
12.63	2.80368
12.64	2.80198
12.65	2.80027
12.66	2.79856
12.67	2.79686
12.68	2.79515
12.69	2.79345
12.7	2.79174
12.71	2.79003
12.72	2.78833
12.73	2.78662
12.74	2.78491
12.75	2.78321
12.76	2.7815
12.77	2.7798
12.78	2.77809
12.79	2.77638
12.8	2.77468
12.81	2.77297
12.82	2.77126
12.83	2.76956
12.84	2.76785
12.85	2.76615
12.86	2.76444
12.87	2.76273
12.88	2.76103
12.89	2.75932
12.9	2.75761
12.91	2.75591
12.92	2.7542
12.93	2.7525
12.94	2.75079
12.95	2.74908
12.96	2.74738
12.97	2.74567
12.98	2.74396
12.99	2.74226
13	2.74055
13.01	2.73885
13.02	2.73714
13.03	2.73543
13.04	2.73373
13.05	2.73202
13.06	2.73031
13.07	2.72861
13.08	2.7269
13.09	2.7252
13.1	2.72349
13.11	2.72178
13.12	2.72008
13.13	2.71837
13.14	2.71666
13.15	2.71496
13.16	2.71325
13.17	2.71155
13.18	2.70984
13.19	2.70813
13.2	2.70643
13.21	2.70472
13.22	2.70301
13.23	2.70131
13.24	2.6996
13.25	2.6979
13.26	2.69619
13.27	2.69448
13.28	2.69278
13.29	2.69107
13.3	2.68937
13.31	2.68766
13.32	2.68595
13.33	2.68425
13.34	2.68254
13.35	2.68083
13.36	2.67913
13.37	2.67742
13.38	2.67572
13.39	2.67401
13.4	2.6723
13.41	2.6706
13.42	2.66889
13.43	2.66718
13.44	2.66548
13.45	2.66377
13.46	2.66207
13.47	2.66036
13.48	2.65865
13.49	2.65695
13.5	2.65524
13.51	2.65353
13.52	2.65183
13.53	2.65012
13.54	2.64842
13.55	2.64671
13.56	2.645
13.57	2.6433
13.58	2.64159
13.59	2.63988
13.6	2.63818
13.61	2.63647
13.62	2.63477
13.63	2.63306
13.64	2.63135
13.65	2.62965
13.66	2.62794
13.67	2.62623
13.68	2.62453
13.69	2.62282
13.7	2.62112
13.71	2.61941
13.72	2.6177
13.73	2.616
13.74	2.61429
13.75	2.61258
13.76	2.61088
13.77	2.60917
13.78	2.60747
13.79	2.60576
13.8	2.60405
13.81	2.60235
13.82	2.60064
13.83	2.59893
13.84	2.59723
13.85	2.59552
13.86	2.59382
13.87	2.59211
13.88	2.5904
13.89	2.5887
13.9	2.58699
13.91	2.58528
13.92	2.58358
13.93	2.58187
13.94	2.58017
13.95	2.57846
13.96	2.57675
13.97	2.57505
13.98	2.57334
13.99	2.57163
14	2.56993
14.01	2.56822
14.02	2.56652
14.03	2.56481
14.04	2.5631
14.05	2.5614
14.06	2.55969
14.07	2.55798
14.08	2.55628
14.09	2.55457
14.1	2.55287
14.11	2.55116
14.12	2.54945
14.13	2.54775
14.14	2.54604
14.15	2.54433
14.16	2.54263
14.17	2.54092
14.18	2.53922
14.19	2.53751
14.2	2.5358
14.21	2.5341
14.22	2.53239
14.23	2.53068
14.24	2.52898
14.25	2.52727
14.26	2.52557
14.27	2.52386
14.28	2.52215
14.29	2.52045
14.3	2.51874
14.31	2.51703
14.32	2.51533
14.33	2.51362
14.34	2.51192
14.35	2.51021
14.36	2.5085
14.37	2.5068
14.38	2.50509
14.39	2.50338
14.4	2.50168
14.41	2.49997
14.42	2.49827
14.43	2.49656
14.44	2.49485
14.45	2.49315
14.46	2.49144
14.47	2.48973
14.48	2.48803
14.49	2.48632
14.5	2.48462
14.51	2.48291
14.52	2.4812
14.53	2.4795
14.54	2.47779
14.55	2.47608
14.56	2.47438
14.57	2.47267
14.58	2.47097
14.59	2.46926
14.6	2.46755
14.61	2.46585
14.62	2.46414
14.63	2.46244
14.64	2.46073
14.65	2.45902
14.66	2.45732
14.67	2.45561
14.68	2.4539
14.69	2.4522
14.7	2.45049
14.71	2.44879
14.72	2.44708
14.73	2.44537
14.74	2.44367
14.75	2.44196
14.76	2.44025
14.77	2.43855
14.78	2.43684
14.79	2.43514
14.8	2.43343
14.81	2.43172
14.82	2.43002
14.83	2.42831
14.84	2.4266
14.85	2.4249
14.86	2.42319
14.87	2.42149
14.88	2.41978
14.89	2.41807
14.9	2.41637
14.91	2.41466
14.92	2.41295
14.93	2.41125
14.94	2.40954
14.95	2.40784
14.96	2.40613
14.97	2.40442
14.98	2.40272
14.99	2.40101
15	2.3993
