# t	fit(y)
0	142.404
0.01	142.161
0.02	141.918
0.03	141.676
0.04	141.435
0.05	141.194
0.06	140.953
0.07	140.713
0.08	140.473
0.09	140.233
0.1	139.994
0.11	139.756
0.12	139.517
0.13	139.28
0.14	139.042
0.15	138.805
0.16	138.569
0.17	138.332
0.18	138.096
0.19	137.861
0.2	137.626
0.21	137.391
0.22	137.157
0.23	136.923
0.24	136.69
0.25	136.457
0.26	136.224
0.27	135.992
0.28	135.76
0.29	135.529
0.3	135.298
0.31	135.067
0.32	134.837
0.33	134.607
0.34	134.377
0.35	134.148
0.36	133.92
0.37	133.691
0.38	133.463
0.39	133.236
0.4	133.009
0.41	132.782
0.42	132.556
0.43	132.33
0.44	132.104
0.45	131.879
0.46	131.654
0.47	131.43
0.48	131.206
0.49	130.982
0.5	130.759
0.51	130.536
0.52	130.313
0.53	130.091
0.54	129.869
0.55	129.648
0.56	129.427
0.57	129.206
0.58	128.986
0.59	128.766
0.6	128.546
0.61	128.327
0.62	128.109
0.63	127.89
0.64	127.672
0.65	127.454
0.66	127.237
0.67	127.02
0.68	126.804
0.69	126.588
0.7	126.372
0.71	126.156
0.72	125.941
0.73	125.727
0.74	125.512
0.75	125.298
0.76	125.085
0.77	124.871
0.78	124.659
0.79	124.446
0.8	124.234
0.81	124.022
0.82	123.811
0.83	123.6
0.84	123.389
0.85	123.178
0.86	122.968
0.87	122.759
0.88	122.55
0.89	122.341
0.9	122.132
0.91	121.924
0.92	121.716
0.93	121.509
0.94	121.301
0.95	121.095
0.96	120.888
0.97	120.682
0.98	120.476
0.99	120.271
1	120.066
1.01	119.861
1.02	119.657
1.03	119.453
1.04	119.249
1.05	119.046
1.06	118.843
1.07	118.64
1.08	118.438
1.09	118.236
1.1	118.035
1.11	117.833
1.12	117.633
1.13	117.432
1.14	117.232
1.15	117.032
1.16	116.832
1.17	116.633
1.18	116.434
1.19	116.236
1.2	116.038
1.21	115.84
1.22	115.642
1.23	115.445
1.24	115.249
1.25	115.052
1.26	114.856
1.27	114.66
1.28	114.465
1.29	114.27
1.3	114.075
1.31	113.88
1.32	113.686
1.33	113.492
1.34	113.299
1.35	113.106
1.36	112.913
1.37	112.72
1.38	112.528
1.39	112.336
1.4	112.145
1.41	111.954
1.42	111.763
1.43	111.572
1.44	111.382
1.45	111.192
1.46	111.003
1.47	110.813
1.48	110.624
1.49	110.436
1.5	110.248
1.51	110.06
1.52	109.872
1.53	109.685
1.54	109.498
1.55	109.311
1.56	109.125
1.57	108.939
1.58	108.753
1.59	108.568
1.6	108.382
1.61	108.198
1.62	108.013
1.63	107.829
1.64	107.645
1.65	107.462
1.66	107.279
1.67	107.096
1.68	106.913
1.69	106.731
1.7	106.549
1.71	106.367
1.72	106.186
1.73	106.005
1.74	105.824
1.75	105.644
1.76	105.464
1.77	105.284
1.78	105.104
1.79	104.925
1.8	104.746
1.81	104.568
1.82	104.389
1.83	104.212
1.84	104.034
1.85	103.857
1.86	103.679
1.87	103.503
1.88	103.326
1.89	103.15
1.9	102.974
1.91	102.799
1.92	102.623
1.93	102.449
1.94	102.274
1.95	102.1
1.96	101.925
1.97	101.752
1.98	101.578
1.99	101.405
2	101.232
2.01	101.06
2.02	100.887
2.03	100.715
2.04	100.544
2.05	100.372
2.06	100.201
2.07	100.03
2.08	99.8598
2.09	99.6895
2.1	99.5196
2.11	99.3499
2.12	99.1805
2.13	99.0115
2.14	98.8427
2.15	98.6742
2.16	98.5059
2.17	98.338
2.18	98.1704
2.19	98.003
2.2	97.8359
2.21	97.6691
2.22	97.5026
2.23	97.3364
2.24	97.1705
2.25	97.0048
2.26	96.8395
2.27	96.6744
2.28	96.5096
2.29	96.345
2.3	96.1808
2.31	96.0168
2.32	95.8531
2.33	95.6897
2.34	95.5266
2.35	95.3637
2.36	95.2012
2.37	95.0389
2.38	94.8768
2.39	94.7151
2.4	94.5536
2.41	94.3924
2.42	94.2315
2.43	94.0709
2.44	93.9105
2.45	93.7504
2.46	93.5906
2.47	93.431
2.48	93.2717
2.49	93.1127
2.5	92.954
2.51	92.7955
2.52	92.6373
2.53	92.4794
2.54	92.3218
2.55	92.1644
2.56	92.0072
2.57	91.8504
2.58	91.6938
2.59	91.5375
2.6	91.3814
2.61	91.2256
2.62	91.0701
2.63	90.9149
2.64	90.7599
2.65	90.6052
2.66	90.4507
2.67	90.2965
2.68	90.1426
2.69	89.9889
2.7	89.8355
2.71	89.6823
2.72	89.5294
2.73	89.3768
2.74	89.2244
2.75	89.0723
2.76	88.9205
2.77	88.7689
2.78	88.6176
2.79	88.4665
2.8	88.3157
2.81	88.1651
2.82	88.0148
2.83	87.8648
2.84	87.715
2.85	87.5654
2.86	87.4162
2.87	87.2671
2.88	87.1184
2.89	86.9698
2.9	86.8216
2.91	86.6736
2.92	86.5258
2.93	86.3783
2.94	86.231
2.95	86.084
2.96	85.9373
2.97	85.7908
2.98	85.6445
2.99	85.4985
3	85.3528
3.01	85.2072
3.02	85.062
3.03	84.917
3.04	84.7722
3.05	84.6277
3.06	84.4834
3.07	84.3394
3.08	84.1956
3.09	84.0521
3.1	83.9088
3.11	83.7657
3.12	83.6229
3.13	83.4804
3.14	83.3381
3.15	83.196
3.16	83.0542
3.17	82.9126
3.18	82.7712
3.19	82.6301
3.2	82.4892
3.21	82.3486
3.22	82.2082
3.23	82.0681
3.24	81.9282
3.25	81.7885
3.26	81.6491
3.27	81.5099
3.28	81.3709
3.29	81.2322
3.3	81.0937
3.31	80.9555
3.32	80.8175
3.33	80.6797
3.34	80.5421
3.35	80.4048
3.36	80.2678
3.37	80.1309
3.38	79.9943
3.39	79.8579
3.4	79.7218
3.41	79.5859
3.42	79.4502
3.43	79.3148
3.44	79.1796
3.45	79.0446
3.46	78.9098
3.47	78.7753
3.48	78.641
3.49	78.5069
3.5	78.3731
3.51	78.2395
3.52	78.1061
3.53	77.9729
3.54	77.84
3.55	77.7073
3.56	77.5748
3.57	77.4426
3.58	77.3106
3.59	77.1788
3.6	77.0472
3.61	76.9159
3.62	76.7847
3.63	76.6538
3.64	76.5232
3.65	76.3927
3.66	76.2625
3.67	76.1325
3.68	76.0027
3.69	75.8731
3.7	75.7437
3.71	75.6146
3.72	75.4857
3.73	75.357
3.74	75.2286
3.75	75.1003
3.76	74.9723
3.77	74.8445
3.78	74.7169
3.79	74.5895
3.8	74.4623
3.81	74.3354
3.82	74.2087
3.83	74.0822
3.84	73.9559
3.85	73.8298
3.86	73.7039
3.87	73.5783
3.88	73.4528
3.89	73.3276
3.9	73.2026
3.91	73.0778
3.92	72.9532
3.93	72.8289
3.94	72.7047
3.95	72.5808
3.96	72.457
3.97	72.3335
3.98	72.2102
3.99	72.0871
4	71.9642
4.01	71.8415
4.02	71.719
4.03	71.5968
4.04	71.4747
4.05	71.3529
4.06	71.2312
4.07	71.1098
4.08	70.9886
4.09	70.8675
4.1	70.7467
4.11	70.6261
4.12	70.5057
4.13	70.3855
4.14	70.2655
4.15	70.1457
4.16	70.0262
4.17	69.9068
4.18	69.7876
4.19	69.6686
4.2	69.5499
4.21	69.4313
4.22	69.3129
4.23	69.1948
4.24	69.0768
4.25	68.959
4.26	68.8415
4.27	68.7241
4.28	68.607
4.29	68.49
4.3	68.3732
4.31	68.2567
4.32	68.1403
4.33	68.0241
4.34	67.9082
4.35	67.7924
4.36	67.6768
4.37	67.5615
4.38	67.4463
4.39	67.3313
4.4	67.2165
4.41	67.1019
4.42	66.9875
4.43	66.8733
4.44	66.7593
4.45	66.6455
4.46	66.5319
4.47	66.4185
4.48	66.3053
4.49	66.1922
4.5	66.0794
4.51	65.9667
4.52	65.8543
4.53	65.742
4.54	65.6299
4.55	65.518
4.56	65.4063
4.57	65.2948
4.58	65.1835
4.59	65.0724
4.6	64.9615
4.61	64.8507
4.62	64.7402
4.63	64.6298
4.64	64.5196
4.65	64.4096
4.66	64.2998
4.67	64.1902
4.68	64.0808
4.69	63.9715
4.7	63.8625
4.71	63.7536
4.72	63.6449
4.73	63.5364
4.74	63.4281
4.75	63.32
4.76	63.212
4.77	63.1043
4.78	62.9967
4.79	62.8893
4.8	62.7821
4.81	62.675
4.82	62.5682
4.83	62.4615
4.84	62.355
4.85	62.2487
4.86	62.1426
4.87	62.0367
4.88	61.9309
4.89	61.8253
4.9	61.7199
4.91	61.6147
4.92	61.5097
4.93	61.4048
4.94	61.3001
4.95	61.1956
4.96	61.0913
4.97	60.9872
4.98	60.8832
4.99	60.7794
5	60.6758
5.01	60.5723
5.02	60.4691
5.03	60.366
5.04	60.2631
5.05	60.1603
5.06	60.0578
5.07	59.9554
5.08	59.8532
5.09	59.7512
5.1	59.6493
5.11	59.5476
5.12	59.4461
5.13	59.3447
5.14	59.2436
5.15	59.1426
5.16	59.0417
5.17	58.9411
5.18	58.8406
5.19	58.7403
5.2	58.6402
5.21	58.5402
5.22	58.4404
5.23	58.3408
5.24	58.2413
5.25	58.142
5.26	58.0429
5.27	57.9439
5.28	57.8452
5.29	57.7466
5.3	57.6481
5.31	57.5498
5.32	57.4517
5.33	57.3538
5.34	57.256
5.35	57.1584
5.36	57.0609
5.37	56.9637
5.38	56.8666
5.39	56.7696
5.4	56.6728
5.41	56.5762
5.42	56.4798
5.43	56.3835
5.44	56.2874
5.45	56.1914
5.46	56.0956
5.47	56
5.48	55.9045
5.49	55.8092
5.5	55.7141
5.51	55.6191
5.52	55.5243
5.53	55.4296
5.54	55.3351
5.55	55.2408
5.56	55.1466
5.57	55.0526
5.58	54.9587
5.59	54.865
5.6	54.7715
5.61	54.6781
5.62	54.5849
5.63	54.4919
5.64	54.399
5.65	54.3062
5.66	54.2137
5.67	54.1212
5.68	54.029
5.69	53.9369
5.7	53.8449
5.71	53.7531
5.72	53.6615
5.73	53.57
5.74	53.4787
5.75	53.3875
5.76	53.2965
5.77	53.2056
5.78	53.1149
5.79	53.0244
5.8	52.934
5.81	52.8437
5.82	52.7536
5.83	52.6637
5.84	52.5739
5.85	52.4843
5.86	52.3948
5.87	52.3055
5.88	52.2163
5.89	52.1273
5.9	52.0385
5.91	51.9497
5.92	51.8612
5.93	51.7728
5.94	51.6845
5.95	51.5964
5.96	51.5084
5.97	51.4206
5.98	51.333
5.99	51.2454
6	51.1581
6.01	51.0709
6.02	50.9838
6.03	50.8969
6.04	50.8101
6.05	50.7235
6.06	50.637
6.07	50.5507
6.08	50.4645
6.09	50.3785
6.1	50.2926
6.11	50.2069
6.12	50.1213
6.13	50.0358
6.14	49.9505
6.15	49.8654
6.16	49.7804
6.17	49.6955
6.18	49.6108
6.19	49.5262
6.2	49.4418
6.21	49.3575
6.22	49.2733
6.23	49.1893
6.24	49.1055
6.25	49.0218
6.26	48.9382
6.27	48.8548
6.28	48.7715
6.29	48.6883
6.3	48.6053
6.31	48.5225
6.32	48.4398
6.33	48.3572
6.34	48.2747
6.35	48.1924
6.36	48.1103
6.37	48.0283
6.38	47.9464
6.39	47.8646
6.4	47.783
6.41	47.7016
6.42	47.6203
6.43	47.5391
6.44	47.458
6.45	47.3771
6.46	47.2964
6.47	47.2157
6.48	47.1352
6.49	47.0549
6.5	46.9747
6.51	46.8946
6.52	46.8146
6.53	46.7348
6.54	46.6552
6.55	46.5756
6.56	46.4962
6.57	46.417
6.58	46.3378
6.59	46.2588
6.6	46.18
6.61	46.1012
6.62	46.0226
6.63	45.9442
6.64	45.8659
6.65	45.7877
6.66	45.7096
6.67	45.6317
6.68	45.5539
6.69	45.4762
6.7	45.3987
6.71	45.3213
6.72	45.2441
6.73	45.1669
6.74	45.0899
6.75	45.0131
6.76	44.9363
6.77	44.8597
6.78	44.7832
6.79	44.7069
6.8	44.6307
6.81	44.5546
6.82	44.4786
6.83	44.4028
6.84	44.3271
6.85	44.2515
6.86	44.1761
6.87	44.1008
6.88	44.0256
6.89	43.9506
6.9	43.8756
6.91	43.8008
6.92	43.7262
6.93	43.6516
6.94	43.5772
6.95	43.5029
6.96	43.4287
6.97	43.3547
6.98	43.2808
6.99	43.207
7	43.1334
7.01	43.0598
7.02	42.9864
7.03	42.9131
7.04	42.84
7.05	42.7669
7.06	42.694
7.07	42.6212
7.08	42.5486
7.09	42.476
7.1	42.4036
7.11	42.3313
7.12	42.2592
7.13	42.1871
7.14	42.1152
7.15	42.0434
7.16	41.9717
7.17	41.9002
7.18	41.8288
7.19	41.7575
7.2	41.6863
7.21	41.6152
7.22	41.5443
7.23	41.4734
7.24	41.4027
7.25	41.3321
7.26	41.2617
7.27	41.1913
7.28	41.1211
7.29	41.051
7.3	40.981
7.31	40.9112
7.32	40.8414
7.33	40.7718
7.34	40.7023
7.35	40.6329
7.36	40.5636
7.37	40.4945
7.38	40.4254
7.39	40.3565
7.4	40.2877
7.41	40.219
7.42	40.1505
7.43	40.082
7.44	40.0137
7.45	39.9455
7.46	39.8774
7.47	39.8094
7.48	39.7415
7.49	39.6738
7.5	39.6062
7.51	39.5386
7.52	39.4712
7.53	39.4039
7.54	39.3368
7.55	39.2697
7.56	39.2028
7.57	39.1359
7.58	39.0692
7.59	39.0026
7.6	38.9361
7.61	38.8697
7.62	38.8035
7.63	38.7373
7.64	38.6713
7.65	38.6054
7.66	38.5395
7.67	38.4738
7.68	38.4082
7.69	38.3428
7.7	38.2774
7.71	38.2121
7.72	38.147
7.73	38.082
7.74	38.017
7.75	37.9522
7.76	37.8875
7.77	37.8229
7.78	37.7585
7.79	37.6941
7.8	37.6298
7.81	37.5657
7.82	37.5016
7.83	37.4377
7.84	37.3739
7.85	37.3102
7.86	37.2466
7.87	37.1831
7.88	37.1197
7.89	37.0564
7.9	36.9932
7.91	36.9302
7.92	36.8672
7.93	36.8044
7.94	36.7416
7.95	36.679
7.96	36.6164
7.97	36.554
7.98	36.4917
7.99	36.4295
8	36.3674
8.01	36.3054
8.02	36.2435
8.03	36.1817
8.04	36.12
8.05	36.0585
8.06	35.997
8.07	35.9356
8.08	35.8743
8.09	35.8132
8.1	35.7521
8.11	35.6912
8.12	35.6303
8.13	35.5696
8.14	35.509
8.15	35.4484
8.16	35.388
8.17	35.3277
8.18	35.2674
8.19	35.2073
8.2	35.1473
8.21	35.0874
8.22	35.0276
8.23	34.9678
8.24	34.9082
8.25	34.8487
8.26	34.7893
8.27	34.73
8.28	34.6708
8.29	34.6117
8.3	34.5527
8.31	34.4938
8.32	34.435
8.33	34.3763
8.34	34.3177
8.35	34.2592
8.36	34.2008
8.37	34.1425
8.38	34.0842
8.39	34.0261
8.4	33.9681
8.41	33.9102
8.42	33.8524
8.43	33.7947
8.44	33.7371
8.45	33.6796
8.46	33.6222
8.47	33.5648
8.48	33.5076
8.49	33.4505
8.5	33.3935
8.51	33.3365
8.52	33.2797
8.53	33.223
8.54	33.1663
8.55	33.1098
8.56	33.0534
8.57	32.997
8.58	32.9408
8.59	32.8846
8.6	32.8285
8.61	32.7726
8.62	32.7167
8.63	32.6609
8.64	32.6052
8.65	32.5497
8.66	32.4942
8.67	32.4388
8.68	32.3835
8.69	32.3283
8.7	32.2732
8.71	32.2181
8.72	32.1632
8.73	32.1084
8.74	32.0536
8.75	31.999
8.76	31.9444
8.77	31.89
8.78	31.8356
8.79	31.7813
8.8	31.7272
8.81	31.6731
8.82	31.6191
8.83	31.5652
8.84	31.5114
8.85	31.4576
8.86	31.404
8.87	31.3505
8.88	31.297
8.89	31.2437
8.9	31.1904
8.91	31.1372
8.92	31.0842
8.93	31.0312
8.94	30.9783
8.95	30.9255
8.96	30.8727
8.97	30.8201
8.98	30.7676
8.99	30.7151
9	30.6627
9.01	30.6105
9.02	30.5583
9.03	30.5062
9.04	30.4542
9.05	30.4023
9.06	30.3504
9.07	30.2987
9.08	30.247
9.09	30.1955
9.1	30.144
9.11	30.0926
9.12	30.0413
9.13	29.9901
9.14	29.939
9.15	29.8879
9.16	29.837
9.17	29.7861
9.18	29.7353
9.19	29.6846
9.2	29.634
9.21	29.5835
9.22	29.5331
9.23	29.4827
9.24	29.4325
9.25	29.3823
9.26	29.3322
9.27	29.2822
9.28	29.2323
9.29	29.1824
9.3	29.1327
9.31	29.083
9.32	29.0335
9.33	28.984
9.34	28.9345
9.35	28.8852
9.36	28.836
9.37	28.7868
9.38	28.7377
9.39	28.6887
9.4	28.6398
9.41	28.591
9.42	28.5423
9.43	28.4936
9.44	28.445
9.45	28.3965
9.46	28.3481
9.47	28.2998
9.48	28.2516
9.49	28.2034
9.5	28.1553
9.51	28.1073
9.52	28.0594
9.53	28.0116
9.54	27.9638
9.55	27.9161
9.56	27.8686
9.57	27.821
9.58	27.7736
9.59	27.7263
9.6	27.679
9.61	27.6318
9.62	27.5847
9.63	27.5377
9.64	27.4907
9.65	27.4439
9.66	27.3971
9.67	27.3504
9.68	27.3038
9.69	27.2572
9.7	27.2107
9.71	27.1643
9.72	27.118
9.73	27.0718
9.74	27.0257
9.75	26.9796
9.76	26.9336
9.77	26.8877
9.78	26.8418
9.79	26.7961
9.8	26.7504
9.81	26.7048
9.82	26.6593
9.83	26.6138
9.84	26.5684
9.85	26.5232
9.86	26.4779
9.87	26.4328
9.88	26.3877
9.89	26.3427
9.9	26.2978
9.91	26.253
9.92	26.2083
9.93	26.1636
9.94	26.119
9.95	26.0744
9.96	26.03
9.97	25.9856
9.98	25.9413
9.99	25.8971
10	25.8529
10.01	25.8089
10.02	25.7649
10.03	25.7209
10.04	25.6771
10.05	25.6333
10.06	25.5896
10.07	25.546
10.08	25.5024
10.09	25.459
10.1	25.4156
10.11	25.3722
10.12	25.329
10.13	25.2858
10.14	25.2427
10.15	25.1997
10.16	25.1567
10.17	25.1138
10.18	25.071
10.19	25.0283
10.2	24.9856
10.21	24.943
10.22	24.9005
10.23	24.858
10.24	24.8157
10.25	24.7733
10.26	24.7311
10.27	24.689
10.28	24.6469
10.29	24.6048
10.3	24.5629
10.31	24.521
10.32	24.4792
10.33	24.4375
10.34	24.3958
10.35	24.3542
10.36	24.3127
10.37	24.2713
10.38	24.2299
10.39	24.1886
10.4	24.1474
10.41	24.1062
10.42	24.0651
10.43	24.0241
10.44	23.9831
10.45	23.9422
10.46	23.9014
10.47	23.8607
10.48	23.82
10.49	23.7794
10.5	23.7388
10.51	23.6984
10.52	23.658
10.53	23.6176
10.54	23.5774
10.55	23.5372
10.56	23.4971
10.57	23.457
10.58	23.417
10.59	23.3771
10.6	23.3372
10.61	23.2974
10.62	23.2577
10.63	23.2181
10.64	23.1785
10.65	23.139
10.66	23.0995
10.67	23.0602
10.68	23.0208
10.69	22.9816
10.7	22.9424
10.71	22.9033
10.72	22.8643
10.73	22.8253
10.74	22.7864
10.75	22.7475
10.76	22.7087
10.77	22.67
10.78	22.6314
10.79	22.5928
10.8	22.5543
10.81	22.5158
10.82	22.4775
10.83	22.4391
10.84	22.4009
10.85	22.3627
10.86	22.3246
10.87	22.2865
10.88	22.2485
10.89	22.2106
10.9	22.1727
10.91	22.1349
10.92	22.0972
10.93	22.0595
10.94	22.0219
10.95	21.9844
10.96	21.9469
10.97	21.9095
10.98	21.8721
10.99	21.8348
11	21.7976
11.01	21.7604
11.02	21.7234
11.03	21.6863
11.04	21.6493
11.05	21.6124
11.06	21.5756
11.07	21.5388
11.08	21.5021
11.09	21.4654
11.1	21.4288
11.11	21.3923
11.12	21.3558
11.13	21.3194
11.14	21.2831
11.15	21.2468
11.16	21.2106
11.17	21.1744
11.18	21.1383
11.19	21.1023
11.2	21.0663
11.21	21.0304
11.22	20.9946
11.23	20.9588
11.24	20.923
11.25	20.8874
11.26	20.8518
11.27	20.8162
11.28	20.7807
11.29	20.7453
11.3	20.7099
11.31	20.6746
11.32	20.6394
11.33	20.6042
11.34	20.5691
11.35	20.534
11.36	20.499
11.37	20.464
11.38	20.4292
11.39	20.3943
11.4	20.3596
11.41	20.3249
11.42	20.2902
11.43	20.2556
11.44	20.2211
11.45	20.1866
11.46	20.1522
11.47	20.1178
11.48	20.0835
11.49	20.0493
11.5	20.0151
11.51	19.981
11.52	19.9469
11.53	19.9129
11.54	19.879
11.55	19.8451
11.56	19.8113
11.57	19.7775
11.58	19.7438
11.59	19.7101
11.6	19.6765
11.61	19.643
11.62	19.6095
11.63	19.5761
11.64	19.5427
11.65	19.5094
11.66	19.4761
11.67	19.4429
11.68	19.4098
11.69	19.3767
11.7	19.3436
11.71	19.3107
11.72	19.2777
11.73	19.2449
11.74	19.2121
11.75	19.1793
11.76	19.1466
11.77	19.114
11.78	19.0814
11.79	19.0489
11.8	19.0164
11.81	18.984
11.82	18.9516
11.83	18.9193
11.84	18.887
11.85	18.8548
11.86	18.8227
11.87	18.7906
11.88	18.7586
11.89	18.7266
11.9	18.6947
11.91	18.6628
11.92	18.631
11.93	18.5992
11.94	18.5675
11.95	18.5359
11.96	18.5043
11.97	18.4727
11.98	18.4412
11.99	18.4098
12	18.3784
12.01	18.3471
12.02	18.3158
12.03	18.2846
12.04	18.2534
12.05	18.2223
12.06	18.1912
12.07	18.1602
12.08	18.1292
12.09	18.0983
12.1	18.0675
12.11	18.0367
12.12	18.0059
12.13	17.9752
12.14	17.9446
12.15	17.914
12.16	17.8835
12.17	17.853
12.18	17.8225
12.19	17.7922
12.2	17.7618
12.21	17.7315
12.22	17.7013
12.23	17.6711
12.24	17.641
12.25	17.6109
12.26	17.5809
12.27	17.5509
12.28	17.521
12.29	17.4912
12.3	17.4613
12.31	17.4316
12.32	17.4019
12.33	17.3722
12.34	17.3426
12.35	17.313
12.36	17.2835
12.37	17.254
12.38	17.2246
12.39	17.1952
12.4	17.1659
12.41	17.1367
12.42	17.1075
12.43	17.0783
12.44	17.0492
12.45	17.0201
12.46	16.9911
12.47	16.9621
12.48	16.9332
12.49	16.9043
12.5	16.8755
12.51	16.8468
12.52	16.818
12.53	16.7894
12.54	16.7607
12.55	16.7322
12.56	16.7036
12.57	16.6752
12.58	16.6467
12.59	16.6184
12.6	16.59
12.61	16.5617
12.62	16.5335
12.63	16.5053
12.64	16.4772
12.65	16.4491
12.66	16.4211
12.67	16.3931
12.68	16.3651
12.69	16.3372
12.7	16.3094
12.71	16.2816
12.72	16.2538
12.73	16.2261
12.74	16.1984
12.75	16.1708
12.76	16.1432
12.77	16.1157
12.78	16.0883
12.79	16.0608
12.8	16.0334
12.81	16.0061
12.82	15.9788
12.83	15.9516
12.84	15.9244
12.85	15.8972
12.86	15.8701
12.87	15.8431
12.88	15.8161
12.89	15.7891
12.9	15.7622
12.91	15.7353
12.92	15.7085
12.93	15.6817
12.94	15.655
12.95	15.6283
12.96	15.6017
12.97	15.5751
12.98	15.5485
12.99	15.522
13	15.4955
13.01	15.4691
13.02	15.4428
13.03	15.4164
13.04	15.3901
13.05	15.3639
13.06	15.3377
13.07	15.3116
13.08	15.2855
13.09	15.2594
13.1	15.2334
13.11	15.2074
13.12	15.1815
13.13	15.1556
13.14	15.1298
13.15	15.104
13.16	15.0782
13.17	15.0525
13.18	15.0269
13.19	15.0013
13.2	14.9757
13.21	14.9501
13.22	14.9247
13.23	14.8992
13.24	14.8738
13.25	14.8485
13.26	14.8231
13.27	14.7979
13.28	14.7726
13.29	14.7475
13.3	14.7223
13.31	14.6972
13.32	14.6722
13.33	14.6472
13.34	14.6222
13.35	14.5973
13.36	14.5724
13.37	14.5475
13.38	14.5227
13.39	14.498
13.4	14.4733
13.41	14.4486
13.42	14.424
13.43	14.3994
13.44	14.3748
13.45	14.3503
13.46	14.3258
13.47	14.3014
13.48	14.277
13.49	14.2527
13.5	14.2284
13.51	14.2041
13.52	14.1799
13.53	14.1558
13.54	14.1316
13.55	14.1075
13.56	14.0835
13.57	14.0595
13.58	14.0355
13.59	14.0116
13.6	13.9877
13.61	13.9638
13.62	13.94
13.63	13.9163
13.64	13.8926
13.65	13.8689
13.66	13.8452
13.67	13.8216
13.68	13.7981
13.69	13.7745
13.7	13.7511
13.71	13.7276
13.72	13.7042
13.73	13.6808
13.74	13.6575
13.75	13.6342
13.76	13.611
13.77	13.5878
13.78	13.5646
13.79	13.5415
13.8	13.5184
13.81	13.4954
13.82	13.4724
13.83	13.4494
13.84	13.4265
13.85	13.4036
13.86	13.3807
13.87	13.3579
13.88	13.3351
13.89	13.3124
13.9	13.2897
13.91	13.2671
13.92	13.2444
13.93	13.2219
13.94	13.1993
13.95	13.1768
13.96	13.1544
13.97	13.1319
13.98	13.1095
13.99	13.0872
14	13.0649
14.01	13.0426
14.02	13.0204
14.03	12.9982
14.04	12.976
14.05	12.9539
14.06	12.9318
14.07	12.9098
14.08	12.8878
14.09	12.8658
14.1	12.8439
14.11	12.822
14.12	12.8001
14.13	12.7783
14.14	12.7565
14.15	12.7348
14.16	12.713
14.17	12.6914
14.18	12.6697
14.19	12.6481
14.2	12.6266
14.21	12.605
14.22	12.5836
14.23	12.5621
14.24	12.5407
14.25	12.5193
14.26	12.498
14.27	12.4767
14.28	12.4554
14.29	12.4342
14.3	12.413
14.31	12.3918
14.32	12.3707
14.33	12.3496
14.34	12.3285
14.35	12.3075
14.36	12.2865
14.37	12.2656
14.38	12.2447
14.39	12.2238
14.4	12.203
14.41	12.1822
14.42	12.1614
14.43	12.1407
14.44	12.12
14.45	12.0993
14.46	12.0787
14.47	12.0581
14.48	12.0375
14.49	12.017
14.5	11.9965
14.51	11.9761
14.52	11.9556
14.53	11.9353
14.54	11.9149
14.55	11.8946
14.56	11.8743
14.57	11.8541
14.58	11.8339
14.59	11.8137
14.6	11.7936
14.61	11.7735
14.62	11.7534
14.63	11.7333
14.64	11.7133
14.65	11.6934
14.66	11.6734
14.67	11.6535
14.68	11.6337
14.69	11.6138
14.7	11.594
14.71	11.5743
14.72	11.5545
14.73	11.5348
14.74	11.5152
14.75	11.4956
14.76	11.476
14.77	11.4564
14.78	11.4369
14.79	11.4174
14.8	11.3979
14.81	11.3785
14.82	11.3591
14.83	11.3397
14.84	11.3204
14.85	11.3011
14.86	11.2818
14.87	11.2626
14.88	11.2434
14.89	11.2242
14.9	11.2051
14.91	11.186
14.92	11.1669
14.93	11.1479
14.94	11.1289
14.95	11.1099
14.96	11.0909
14.97	11.072
14.98	11.0532
14.99	11.0343
15	11.0155
