Matrix A (15 x 10)

0.802 0.711 0.121 0.858 0.538 0.821 0.636 0.144 0.149 0.739 
0.113 0.547 0.936 0.219 0.103 0.841 0.546 0.932 0.578 0.289 
0.050 0.586 0.776 0.035 0.548 0.391 0.297 0.364 0.500 0.208 
0.846 0.762 0.197 0.788 0.893 0.077 0.391 0.076 0.139 0.161 
0.220 0.896 0.659 0.633 0.283 0.684 0.485 0.763 0.092 0.921 
0.477 0.186 0.471 0.110 0.989 0.767 0.068 0.236 0.456 0.001 
0.559 0.722 0.843 0.415 0.811 0.049 0.579 0.795 0.736 0.862 
0.215 0.817 0.740 0.390 0.716 0.778 0.913 0.662 0.379 0.903 
0.783 0.516 0.285 0.252 0.517 0.658 0.921 0.717 0.177 0.954 
0.508 0.487 0.689 0.962 0.510 0.961 0.885 0.541 0.118 0.284 
0.894 0.655 0.196 0.262 0.051 0.209 0.110 0.577 0.775 0.485 
0.911 0.304 0.204 0.720 0.989 0.670 0.211 0.500 0.269 0.592 
0.447 0.332 0.064 0.930 0.155 0.474 0.137 0.247 0.163 0.686 
0.912 0.734 0.381 0.078 0.021 0.299 0.797 0.109 0.879 0.486 
0.554 0.556 0.927 0.982 0.949 0.944 0.862 0.493 0.977 0.738 


Matrix R (should be upper triangular)

2.418 1.990 1.337 1.859 1.899 1.802 1.780 1.431 1.493 1.934 
0.000 1.334 1.442 0.568 0.535 0.916 1.083 1.108 0.628 1.043 
0.000 0.000 1.106 0.204 0.837 0.860 0.468 0.684 0.757 0.058 
0.000 0.000 0.000 1.317 0.402 0.589 0.133 0.001 -0.464 0.299 
0.000 0.000 0.000 0.000 1.142 -0.026 -0.148 -0.172 -0.270 -0.035 
0.000 0.000 0.000 0.000 0.000 1.041 0.292 0.175 -0.249 0.210 
0.000 0.000 0.000 0.000 0.000 0.000 0.868 -0.117 -0.190 0.283 
0.000 0.000 0.000 0.000 0.000 0.000 0.000 0.790 -0.277 0.605 
0.000 0.000 0.000 0.000 0.000 0.000 0.000 0.000 0.582 0.479 
0.000 0.000 0.000 0.000 0.000 0.000 0.000 0.000 0.000 0.544 

True: Upper triangular
 
Matrix product of Q^T Q (Should be identity)
1.000 -0.000 0.000 -0.000 -0.000 -0.000 0.000 0.000 -0.000 -0.000 
-0.000 1.000 0.000 -0.000 -0.000 0.000 -0.000 -0.000 -0.000 0.000 
0.000 0.000 1.000 -0.000 -0.000 -0.000 -0.000 0.000 -0.000 0.000 
-0.000 -0.000 -0.000 1.000 -0.000 0.000 -0.000 -0.000 -0.000 0.000 
-0.000 -0.000 -0.000 -0.000 1.000 0.000 -0.000 0.000 0.000 -0.000 
-0.000 0.000 -0.000 0.000 0.000 1.000 -0.000 -0.000 0.000 0.000 
0.000 -0.000 -0.000 -0.000 -0.000 -0.000 1.000 0.000 -0.000 0.000 
0.000 -0.000 0.000 -0.000 0.000 -0.000 0.000 1.000 0.000 0.000 
-0.000 -0.000 -0.000 -0.000 0.000 0.000 -0.000 0.000 1.000 -0.000 
-0.000 0.000 0.000 0.000 -0.000 0.000 0.000 0.000 -0.000 1.000 

True: Q^T Q is identity
 
Matrix QR (Should be equal to matrix A)
0.802 0.711 0.121 0.858 0.538 0.821 0.636 0.144 0.149 0.739 
0.113 0.547 0.936 0.219 0.103 0.841 0.546 0.932 0.578 0.289 
0.050 0.586 0.776 0.035 0.548 0.391 0.297 0.364 0.500 0.208 
0.846 0.762 0.197 0.788 0.893 0.077 0.391 0.076 0.139 0.161 
0.220 0.896 0.659 0.633 0.283 0.684 0.485 0.763 0.092 0.921 
0.477 0.186 0.471 0.110 0.989 0.767 0.068 0.236 0.456 0.001 
0.559 0.722 0.843 0.415 0.811 0.049 0.579 0.795 0.736 0.862 
0.215 0.817 0.740 0.390 0.716 0.778 0.913 0.662 0.379 0.903 
0.783 0.516 0.285 0.252 0.517 0.658 0.921 0.717 0.177 0.954 
0.508 0.487 0.689 0.962 0.510 0.961 0.885 0.541 0.118 0.284 
0.894 0.655 0.196 0.262 0.051 0.209 0.110 0.577 0.775 0.485 
0.911 0.304 0.204 0.720 0.989 0.670 0.211 0.500 0.269 0.592 
0.447 0.332 0.064 0.930 0.155 0.474 0.137 0.247 0.163 0.686 
0.912 0.734 0.381 0.078 0.021 0.299 0.797 0.109 0.879 0.486 
0.554 0.556 0.927 0.982 0.949 0.944 0.862 0.493 0.977 0.738 

True: QR is equal to A
Vector b (15 x 1) created from A*x_true (To ensure a solution exists)
2.495 2.319 1.983 2.003 2.670 1.921 2.836 3.114 2.300 2.722 1.550 2.354 1.609 1.840 3.794 

Solution x (R*x should be equal to Q^T b)
0.062 0.660 0.698 0.509 0.697 0.607 0.250 0.103 0.408 0.468 

Check Q^T b (should be equal to R*x):

R*x:
7.870 4.236 2.505 1.294 0.599 0.720 0.260 0.251 0.462 0.255 

Q^T b:
7.870 4.236 2.505 1.294 0.599 0.720 0.260 0.251 0.462 0.255 
True: R*x is equal to Q^T b
Check A*x (should be equal to b):

A*x:
2.495 2.319 1.983 2.003 2.670 1.921 2.836 3.114 2.300 2.722 1.550 2.354 1.609 1.840 3.794 

b:
2.495 2.319 1.983 2.003 2.670 1.921 2.836 3.114 2.300 2.722 1.550 2.354 1.609 1.840 3.794 
True: A*x is equal to b